No 1 Hold
(sounding-volume-lcg-tcg-vcg-fsm)
0.000 0.0 0.000 0.000 0.000 0.0
2.831 1687.0 252.327 0.002 3.903 33990.3
5.117 3374.1 252.441 0.029 5.184 55156.3
7.248 5061.1 252.487 0.043 6.335 55156.7
9.380 6748.1 252.509 0.060 7.439 55158.4
11.512 8435.2 252.523 0.100 8.522 55167.2
12.579 9278.6 252.529 0.124 9.064 55177.5
14.692 10965.6 252.537 0.270 10.174 55302.9
15.749 11809.2 252.541 0.417 10.733 55354.3
17.877 13496.2 252.555 0.047 11.817 47734.5
20.279 15183.2 252.639 0.007 12.902 22309.9
24.200 16870.2 252.760 0.000 13.970 0.0

