No 2 Hold
(sounding-volume-lcg-tcg-vcg-fsm)
0.000 0.0 0.000 0.000 0.000 0.0
2.831 2121.5 227.048 0.007 3.962 75814.7
5.117 4242.9 227.428 0.058 5.159 118820.1
7.248 6364.4 227.474 0.084 6.221 118826.9
9.380 8485.8 227.560 0.113 7.291 118830.6
11.512 10607.3 227.619 0.181 8.376 118849.6
12.579 11667.9 227.641 0.223 8.919 118871.7
14.692 13789.3 227.675 0.474 10.004 119141.9
15.749 14850.1 227.689 0.723 10.556 116847.6
17.877 16971.5 227.715 0.086 11.600 96479.6
20.279 19093.0 227.743 0.019 12.676 34955.8
24.200 21214.4 227.710 0.010 13.680 0.0

