No 5 Hold
(sounding-volume-lcg-tcg-vcg-fsm)
0.000 0.0 0.000 0.000 0.000 0.0
2.831 2191.5 150.509 0.007 3.837 85361.7
5.117 4383 150.991 0.061 5.069 133574.8
7.248 6574.6 151.234 0.090 6.181 133726.8
9.380 8766.1 151.323 0.127 7.246 133731.0
11.512 10957.6 151.375 0.205 8.286 133752.4
12.579 12053.2 151.395 0.251 8.808 133777.3
14.692 14244.6 151.428 0.523 9.891 134081.4
15.749 15340.5 151.442 0.791 10.445 128499.0
17.877 17532 151.464 0.098 11.489 101743.2
20.279 19723.5 151.481 0.029 12.577 37556.4
24.200 21914.9 151.430 0.020 13.600 0.0




