No 7 Hold
(sounding-volume-lcg-tcg-vcg-fsm)
0.000 0.0 0.000 0.000 0.000 0.0
2.831 2193.5 102.276 0.011 3.939 87073.0
5.117 4387.0 101.940 0.069 5.120 133647.2
7.248 6580.5 101.933 0.101 6.181 133726.8
9.380 8774.0 101.874 0.133 7.246 133731.0
11.512 10967.5 101.848 0.207 8.286 133752.4
12.579 12064.1 101.840 0.252 8.808 133777.3
14.692 14257.6 101.821 0.526 9.892 134081.4
15.749 15354.5 101.814 0.796 10.445 128383.1
17.877 17547.9 101.805 0.098 11.490 101587.5
20.279 19741.4 101.801 0.029 12.579 37973.9
24.200 21934.8 101.860 0.020 13.600 0.0






