No 6 Hold
(sounding-volume-lcg-tcg-vcg-fsm)
0.000 0.0 0.000 0.000 0.000 0.0
2.831 2064.7 126.380 0.008 4.012 83872.9
5.117 4129.5 126.460 0.062 5.231 128191.7
7.248 6194.2 126.580 0.091 6.300 128192.6
9.380 8259.0 126.589 0.125 7.399 128196.6
11.512 10323.7 126.597 0.201 8.471 128217.1
12.579 11356.0 126.601 0.248 9.001 128241.0
14.692 13420.7 126.608 0.525 10.063 128532.5
15.749 14453.2 126.612 0.799 10.603 123088.5
17.877 16517.9 126.620 0.095 11.620 98029.5
20.279 18582.6 126.628 0.027 12.679 38308.7
24.200 20647.3 126.640 0.020 13.650 0.0





