No 9 Hold
(sounding-volume-lcg-tcg-vcg-fsm)
0.000 0.0 0.000 0.000 0.000 0.0
2.831 1819.0 52.621 0.014 4.361 29047.8
5.117 3638.0 52.411 0.048 5.900 54324.6
7.248 5457.0 52.149 0.087 7.189 80596.9
9.380 7276.0 51.915 0.131 8.363 101029.5
11.512 9095.0 51.706 0.216 9.431 112197.0
12.579 10004.4 51.621 0.266 9.939 114811.6
14.692 11823.4 51.479 0.547 10.960 115500.3
15.749 12733.0 51.419 0.780 11.470 100344.4
17.877 14551.9 51.324 0.095 12.422 71245.8
20.279 16370.9 51.245 0.037 13.418 26767.1
24.200 18189.9 51.190 0.030 14.440 0.0








