No 3 Hold
(sounding-volume-lcg-tcg-vcg-fsm)
0.000 0.0 0.000 0.000 0.000 0.0
2.831 2191.6 201.635 0.008 3.934 86106.3
5.117 4383.2 202.095 0.063 5.120 133654.6
7.248 6574.8 202.183 0.091 6.181 133726.8
9.380 8766.4 202.284 0.128 7.246 133731.0
11.512 10958.0 202.335 0.207 8.286 133752.4
12.579 12053.7 202.355 0.253 8.808 133777.3
14.692 14245.2 202.393 0.526 9.891 134081.4
15.749 15341.1 202.409 0.797 10.445 128519.4
17.877 17532.7 202.434 0.098 11.489 101840.0
20.279 19724.3 202.451 0.029 12.578 37672.4
24.200 21915.8 202.390 0.020 13.600 0.0


