No 4 Hold
(sounding-volume-lcg-tcg-vcg-fsm)
0.000 0.0 0.000 0.000 0.000 0.0
2.831 2191.6 176.006 0.007 3.809 85160.9
5.117 4383.3 176.473 0.062 5.058 133514.5
7.248 6574.9 176.706 0.091 6.178 133726.8
9.380 8766.6 176.794 0.130 7.240 133731.0
11.512 10958.3 176.848 0.207 8.310 133752.4
12.579 12054.0 176.866 0.253 8.858 133777.3
14.692 14245.6 176.895 0.528 9.954 134081.4
15.749 15341.5 176.908 0.799 10.511 128248.7
17.877 17533.1 176.928 0.098 11.563 100906.0
20.279 19724.8 176.945 0.029 12.653 36829.4
24.200 21916.4 176.910 0.020 13.600 0.0



