No 8 Hold
(sounding-volume-lcg-tcg-vcg-fsm)
0.000 0.0 0.000 0.000 0.000 0.0
2.831 2155.7 77.115 0.011 3.964 77031.3
5.117 4311.4 76.844 0.063 5.179 118517.8
7.248 6467.1 76.764 0.099 6.270 129536.8
9.380 8622.8 76.646 0.132 7.352 130930.5
11.512 10778.4 76.576 0.205 8.419 130951.5
12.579 11856.1 76.550 0.251 8.959 130975.8
14.692 14011.8 76.511 0.522 10.037 131273.5
15.749 15089.8 76.498 0.788 10.585 124808.9
17.877 17245.4 76.476 0.096 11.617 97947.2
20.279 19401.1 76.461 0.029 12.689 37241.2
24.200 21556.7 76.500 0.020 13.690 0.0







